subID TrialNo Threat(1)/Safe(2) Fractal CodeOutcomeRightSide CodeOutcomeWrongSide CodeOutcomeNoPress ActualOutcome Circleside(1Left2Right) response Accuracy rt 
54 1 1 3 1 1 0 1 1 2 0 1.965473e-01 
54 2 1 1 0 1 1 0 1 1 1 5.367237e-01 
54 3 1 4 -1 -1 0 -1 1 1 0 5.174612e-01 
54 4 1 4 -1 -1 0 -1 2 2 0 2.282778e-01 
54 5 1 3 0 0 1 1 1 0 1 NaN 
54 6 1 4 -1 -1 0 -1 2 1 0 1.421006e-01 
54 7 1 3 0 0 1 0 1 1 0 4.272236e-01 
54 8 1 3 0 0 1 0 2 2 0 3.985320e-01 
54 9 1 1 1 0 0 0 2 1 0 5.975122e-01 
54 10 1 2 0 -1 -1 -1 2 1 0 5.587282e-01 
54 11 1 4 0 0 -1 0 2 2 0 3.407022e-01 
54 12 1 3 0 0 1 1 2 0 1 NaN 
54 13 1 2 -1 0 0 0 2 1 0 1.876440e-01 
54 14 1 2 0 -1 -1 0 1 1 1 3.908260e-01 
54 15 1 1 1 0 0 0 2 1 0 4.040913e-01 
54 16 1 4 -1 -1 0 -1 1 2 0 2.091246e-01 
54 17 1 2 0 -1 -1 -1 2 0 0 NaN 
54 18 1 1 1 0 0 0 1 0 0 NaN 
54 19 1 2 0 -1 -1 -1 1 2 0 5.578420e-01 
54 20 1 1 1 0 0 1 1 1 1 9.989346e-01 
54 1 2 1 1 0 0 0 1 0 0 NaN 
54 2 2 4 -1 -1 0 -1 2 1 0 1.604279e-01 
54 3 2 4 -1 -1 0 -1 1 2 0 2.203278e-01 
54 4 2 2 0 -1 -1 0 2 2 1 4.245519e-01 
54 5 2 3 0 0 1 0 2 2 0 3.616085e-01 
54 6 2 1 1 0 0 1 1 1 1 1.121714e-01 
54 7 2 1 0 1 1 0 1 1 1 3.771366e-01 
54 8 2 1 1 0 0 0 2 1 0 8.077966e-02 
54 9 2 2 -1 0 0 -1 2 2 1 2.783983e-01 
54 10 2 2 0 -1 -1 0 1 1 1 6.423872e-01 
54 11 2 4 -1 -1 0 -1 1 1 0 3.222052e-01 
54 12 2 3 0 0 1 0 1 1 0 3.566050e-01 
54 13 2 4 -1 -1 0 -1 2 2 0 4.545324e-01 
54 14 2 3 1 1 0 1 1 1 0 6.612214e-01 
54 15 2 3 0 0 1 0 2 1 0 3.626688e-01 
54 16 2 3 0 0 1 0 1 1 0 3.670411e-01 
54 17 2 2 0 -1 -1 -1 2 0 0 NaN 
54 18 2 2 0 -1 -1 0 1 1 1 3.812026e-01 
54 19 2 1 1 0 0 0 2 1 0 6.342541e-03 
54 20 2 4 0 0 -1 0 2 1 0 2.714333e-01 
54 1 1 3 0 0 1 1 1 0 1 NaN 
54 2 1 3 0 0 1 0 2 1 0 1.458622e-01 
54 3 1 4 0 0 -1 0 2 2 0 4.383684e-01 
54 4 1 1 1 0 0 0 1 0 0 NaN 
54 5 1 4 -1 -1 0 -1 1 2 0 1.115817e-01 
54 6 1 3 1 1 0 0 1 0 1 NaN 
54 7 1 1 0 1 1 1 1 0 0 NaN 
54 8 1 3 0 0 1 0 1 1 0 3.693130e-01 
54 9 1 1 1 0 0 1 1 1 1 2.726179e-01 
54 10 1 4 -1 -1 0 -1 1 2 0 2.126470e-01 
54 11 1 2 0 -1 -1 -1 2 0 0 NaN 
54 12 1 2 -1 0 0 -1 2 2 1 4.417700e-01 
54 13 1 1 1 0 0 0 2 0 0 NaN 
54 14 1 2 0 -1 -1 0 1 1 1 3.774939e-01 
54 15 1 1 1 0 0 0 2 1 0 4.414850e-01 
54 16 1 4 -1 -1 0 -1 2 2 0 2.348584e-01 
54 17 1 3 0 0 1 0 2 1 0 2.071556e-01 
54 18 1 2 0 -1 -1 0 2 2 1 6.404801e-01 
54 19 1 4 -1 -1 0 -1 2 2 0 4.993952e-01 
54 20 1 2 0 -1 -1 0 1 1 1 2.076226e-01 
54 1 2 3 1 1 0 1 1 2 0 6.353065e-01 
54 2 2 3 0 0 1 0 2 2 0 6.105356e-01 
54 3 2 4 -1 -1 0 -1 1 1 0 1.934315e-01 
54 4 2 1 1 0 0 1 1 1 1 2.236236e-01 
54 5 2 2 0 -1 -1 -1 1 0 0 NaN 
54 6 2 1 1 0 0 0 2 1 0 1.757816e-01 
54 7 2 3 0 0 1 1 2 0 1 NaN 
54 8 2 1 1 0 0 1 1 1 1 2.170801e-01 
54 9 2 4 -1 -1 0 -1 2 1 0 5.551640e-01 
54 10 2 2 0 -1 -1 -1 1 0 0 NaN 
54 11 2 3 0 0 1 1 1 0 1 NaN 
54 12 2 4 0 0 -1 0 2 1 0 2.194949e-01 
54 13 2 2 0 -1 -1 -1 2 1 0 4.455600e-01 
54 14 2 1 1 0 0 0 2 1 0 8.178644e-01 
54 15 2 3 0 0 1 1 1 0 1 NaN 
54 16 2 2 -1 0 0 0 2 0 0 NaN 
54 17 2 4 -1 -1 0 -1 1 1 0 5.514008e-01 
54 18 2 1 0 1 1 0 1 1 1 2.169507e-01 
54 19 2 2 0 -1 -1 -1 2 0 0 NaN 
54 20 2 4 -1 -1 0 -1 2 1 0 2.025433e-01 
54 1 1 1 1 0 0 0 2 0 0 NaN 
54 2 1 3 1 1 0 0 1 0 1 NaN 
54 3 1 4 -1 -1 0 0 2 0 1 NaN 
54 4 1 1 1 0 0 0 2 1 0 6.652803e-01 
54 5 1 2 0 -1 -1 -1 2 0 0 NaN 
54 6 1 4 -1 -1 0 -1 2 1 0 6.481743e-01 
54 7 1 2 -1 0 0 0 2 0 0 NaN 
54 8 1 2 0 -1 -1 -1 2 0 0 NaN 
54 9 1 1 1 0 0 0 1 0 0 NaN 
54 10 1 3 0 0 1 1 2 0 1 NaN 
54 11 1 1 1 0 0 0 1 0 0 NaN 
54 12 1 2 0 -1 -1 -1 1 0 0 NaN 
54 13 1 4 0 0 -1 0 2 1 0 6.261525e-01 
54 14 1 2 0 -1 -1 -1 1 0 0 NaN 
54 15 1 3 0 0 1 0 1 1 0 4.653661e-01 
54 16 1 3 0 0 1 1 2 0 1 NaN 
54 17 1 3 0 0 1 0 1 1 0 1.648149e-01 
54 18 1 1 0 1 1 0 1 1 1 7.518656e-01 
54 19 1 4 -1 -1 0 0 1 0 1 NaN 
54 20 1 4 -1 -1 0 0 1 0 1 NaN 
54 1 2 2 0 -1 -1 -1 2 1 0 4.229808e-02 
54 2 2 1 1 0 0 0 2 1 0 2.196571e-01 
54 3 2 2 -1 0 0 0 2 0 0 NaN 
54 4 2 1 1 0 0 0 2 1 0 3.119490e-01 
54 5 2 4 -1 -1 0 0 1 0 1 NaN 
54 6 2 4 -1 -1 0 -1 2 1 0 7.605372e-01 
54 7 2 4 -1 -1 0 -1 2 2 0 3.859780e-01 
54 8 2 3 0 0 1 1 2 0 1 NaN 
54 9 2 4 -1 -1 0 0 1 0 1 NaN 
54 10 2 3 0 0 1 1 1 0 1 NaN 
54 11 2 3 0 0 1 1 2 0 1 NaN 
54 12 2 1 1 0 0 1 1 1 1 2.353822e-01 
54 13 2 2 0 -1 -1 -1 1 0 0 NaN 
54 14 2 3 0 0 1 1 1 0 1 NaN 
54 15 2 2 0 -1 -1 0 2 2 1 8.599375e-01 
54 16 2 2 0 -1 -1 -1 1 0 0 NaN 
54 17 2 4 0 0 -1 -1 2 0 1 NaN 
54 18 2 3 1 1 0 0 1 0 1 NaN 
54 19 2 1 0 1 1 0 1 1 1 3.063494e-01 
54 20 2 1 1 0 0 1 1 1 1 3.046749e-01 
54 1 1 3 1 1 0 1 1 1 0 1.938760e-01 
54 2 1 2 0 -1 -1 -1 1 0 0 NaN 
54 3 1 3 0 0 1 0 1 1 0 3.734109e-01 
54 4 1 1 1 0 0 1 1 1 1 7.993879e-01 
54 5 1 3 0 0 1 0 2 1 0 3.706381e-01 
54 6 1 2 -1 0 0 0 2 0 0 NaN 
54 7 1 3 0 0 1 0 1 1 0 3.329015e-01 
54 8 1 4 0 0 -1 -1 2 0 1 NaN 
54 9 1 2 0 -1 -1 -1 2 0 0 NaN 
54 10 1 2 0 -1 -1 -1 2 1 0 6.163681e-01 
54 11 1 3 0 0 1 0 2 1 0 3.517278e-01 
54 12 1 4 -1 -1 0 0 1 0 1 NaN 
54 13 1 4 -1 -1 0 0 2 0 1 NaN 
54 14 1 2 0 -1 -1 0 1 1 1 8.722424e-01 
54 15 1 1 1 0 0 0 2 1 0 3.715086e-02 
54 16 1 1 1 0 0 1 1 1 1 3.027342e-01 
54 17 1 1 0 1 1 1 1 0 0 NaN 
54 18 1 1 1 0 0 0 2 0 0 NaN 
54 19 1 4 -1 -1 0 0 2 0 1 NaN 
54 20 1 4 -1 -1 0 0 1 0 1 NaN 
54 1 2 4 -1 -1 0 0 1 0 1 NaN 
54 2 2 4 -1 -1 0 0 2 0 1 NaN 
54 3 2 3 0 0 1 1 1 0 1 NaN 
54 4 2 2 0 -1 -1 0 2 2 1 3.896093e-01 
54 5 2 1 1 0 0 1 1 1 1 3.315522e-01 
54 6 2 2 0 -1 -1 -1 1 0 0 NaN 
54 7 2 4 -1 -1 0 0 1 0 1 NaN 
54 8 2 3 0 0 1 1 2 0 1 NaN 
54 9 2 2 0 -1 -1 -1 2 0 0 NaN 
54 10 2 3 1 1 0 0 1 0 1 NaN 
54 11 2 1 1 0 0 0 2 1 0 8.046093e-01 
54 12 2 1 0 1 1 0 1 1 1 4.327577e-01 
54 13 2 2 0 -1 -1 -1 1 0 0 NaN 
54 14 2 3 0 0 1 1 2 0 1 NaN 
54 15 2 4 0 0 -1 -1 2 0 1 NaN 
54 16 2 1 1 0 0 0 2 1 0 7.192991e-01 
54 17 2 4 -1 -1 0 0 2 0 1 NaN 
54 18 2 1 1 0 0 1 1 1 1 7.605680e-01 
54 19 2 2 -1 0 0 0 2 0 0 NaN 
54 20 2 3 0 0 1 1 1 0 1 NaN 
54 1 1 3 0 0 1 0 1 1 0 1.082902e-01 
54 2 1 2 0 -1 -1 0 1 1 1 3.640982e-01 
54 3 1 2 0 -1 -1 0 1 1 1 4.362019e-01 
54 4 1 1 0 1 1 0 1 1 1 3.021686e-01 
54 5 1 4 -1 -1 0 0 1 0 1 NaN 
54 6 1 2 -1 0 0 0 2 0 0 NaN 
54 7 1 4 -1 -1 0 0 1 0 1 NaN 
54 8 1 4 -1 -1 0 -1 2 1 0 5.935788e-01 
54 9 1 1 1 0 0 1 1 1 1 4.008654e-01 
54 10 1 4 -1 -1 0 -1 2 2 0 5.483603e-01 
54 11 1 4 0 0 -1 -1 2 0 1 NaN 
54 12 1 1 1 0 0 0 2 1 0 7.394024e-01 
54 13 1 3 0 0 1 0 1 1 0 4.146779e-01 
54 14 1 1 1 0 0 0 2 1 0 4.876674e-01 
54 15 1 2 0 -1 -1 -1 2 0 0 NaN 
54 16 1 1 1 0 0 1 1 1 1 2.898439e-01 
54 17 1 2 0 -1 -1 0 2 2 1 7.128681e-01 
54 18 1 3 1 1 0 1 1 1 0 3.467696e-01 
54 19 1 3 0 0 1 0 2 1 0 2.603450e-01 
54 20 1 3 0 0 1 0 2 2 0 9.178600e-01 
54 1 2 4 -1 -1 0 0 1 0 1 NaN 
54 2 2 3 0 0 1 1 2 0 1 NaN 
54 3 2 4 0 0 -1 -1 2 0 1 NaN 
54 4 2 4 -1 -1 0 0 1 0 1 NaN 
54 5 2 3 1 1 0 0 1 0 1 NaN 
54 6 2 2 0 -1 -1 -1 2 0 0 NaN 
54 7 2 1 0 1 1 1 1 0 0 NaN 
54 8 2 4 -1 -1 0 0 2 0 1 NaN 
54 9 2 1 1 0 0 1 1 1 1 7.137776e-01 
54 10 2 2 0 -1 -1 -1 1 0 0 NaN 
54 11 2 3 0 0 1 1 1 0 1 NaN 
54 12 2 3 0 0 1 1 1 0 1 NaN 
54 13 2 3 0 0 1 1 2 0 1 NaN 
54 14 2 1 1 0 0 0 2 1 0 2.775164e-01 
54 15 2 1 1 0 0 0 1 0 0 NaN 
54 16 2 2 0 -1 -1 0 2 2 1 6.344278e-01 
54 17 2 1 1 0 0 0 2 1 0 2.436310e-01 
54 18 2 4 -1 -1 0 0 2 0 1 NaN 
54 19 2 2 -1 0 0 -1 2 2 1 2.418171e-01 
54 20 2 2 0 -1 -1 0 1 1 1 2.791452e-01 
54 1 1 3 0 0 1 0 1 1 0 3.824319e-01 
54 2 1 4 -1 -1 0 0 1 0 1 NaN 
54 3 1 1 1 0 0 1 1 1 1 3.032478e-01 
54 4 1 2 0 -1 -1 -1 1 0 0 NaN 
54 5 1 4 -1 -1 0 -1 2 2 0 2.827726e-01 
54 6 1 1 1 0 0 0 2 1 0 2.858501e-01 
54 7 1 3 0 0 1 0 2 1 0 2.620266e-01 
54 8 1 3 1 1 0 1 1 1 0 4.383557e-01 
54 9 1 4 0 0 -1 0 2 2 0 3.063893e-01 
54 10 1 1 1 0 0 0 2 1 0 2.651811e-01 
54 11 1 3 0 0 1 0 1 1 0 4.885493e-01 
54 12 1 2 0 -1 -1 0 2 2 1 2.795597e-01 
54 13 1 1 1 0 0 1 1 1 1 2.860301e-01 
54 14 1 2 -1 0 0 -1 2 2 1 7.489061e-01 
54 15 1 3 0 0 1 0 2 1 0 2.970261e-01 
54 16 1 4 -1 -1 0 -1 2 2 0 3.659433e-01 
54 17 1 4 -1 -1 0 0 1 0 1 NaN 
54 18 1 2 0 -1 -1 -1 2 0 0 NaN 
54 19 1 1 0 1 1 0 1 1 1 2.241088e-01 
54 20 1 2 0 -1 -1 -1 1 0 0 NaN 
54 1 2 2 0 -1 -1 -1 1 0 0 NaN 
54 2 2 1 1 0 0 0 2 1 0 4.502477e-01 
54 3 2 4 -1 -1 0 0 1 0 1 NaN 
54 4 2 3 0 0 1 1 2 0 1 NaN 
54 5 2 1 0 1 1 0 1 1 1 3.484367e-01 
54 6 2 1 1 0 0 0 1 0 0 NaN 
54 7 2 1 1 0 0 0 2 1 0 1.686764e-01 
54 8 2 3 0 0 1 1 1 0 1 NaN 
54 9 2 2 -1 0 0 0 2 0 0 NaN 
54 10 2 4 -1 -1 0 0 2 0 1 NaN 
54 11 2 1 1 0 0 1 1 1 1 3.130042e-01 
54 12 2 4 -1 -1 0 0 2 0 1 NaN 
54 13 2 3 1 1 0 0 1 0 1 NaN 
54 14 2 3 0 0 1 1 1 0 1 NaN 
54 15 2 4 -1 -1 0 0 1 0 1 NaN 
54 16 2 4 0 0 -1 -1 2 0 1 NaN 
54 17 2 2 0 -1 -1 -1 1 0 0 NaN 
54 18 2 2 0 -1 -1 -1 2 0 0 NaN 
54 19 2 2 0 -1 -1 0 2 2 1 7.084433e-01 
54 20 2 3 0 0 1 1 2 0 1 NaN 
54 1 1 1 1 0 0 0 2 1 0 4.285524e-01 
54 2 1 2 0 -1 -1 -1 2 0 0 NaN 
54 3 1 3 0 0 1 0 2 1 0 3.234025e-01 
54 4 1 3 0 0 1 0 2 1 0 4.237067e-01 
54 5 1 2 0 -1 -1 0 1 1 1 4.696445e-01 
54 6 1 2 -1 0 0 -1 2 2 1 3.038976e-01 
54 7 1 1 1 0 0 0 2 1 0 5.958372e-01 
54 8 1 1 1 0 0 1 1 1 1 2.631497e-01 
54 9 1 4 -1 -1 0 0 2 0 1 NaN 
54 10 1 3 1 1 0 1 1 1 0 2.532773e-01 
54 11 1 3 0 0 1 1 1 0 1 NaN 
54 12 1 4 -1 -1 0 -1 2 2 0 4.279302e-01 
54 13 1 3 0 0 1 0 1 1 0 7.665896e-01 
54 14 1 4 -1 -1 0 -1 1 1 0 5.665049e-01 
54 15 1 2 0 -1 -1 0 1 1 1 7.778291e-01 
54 16 1 1 0 1 1 0 1 1 1 4.106948e-01 
54 17 1 4 0 0 -1 -1 2 0 1 NaN 
54 18 1 4 -1 -1 0 0 1 0 1 NaN 
54 19 1 2 0 -1 -1 -1 2 0 0 NaN 
54 20 1 1 1 0 0 1 1 1 1 1.804322e-01 
54 1 2 4 -1 -1 0 -1 1 1 0 2.950104e-01 
54 2 2 1 1 0 0 0 2 1 0 3.409884e-01 
54 3 2 4 -1 -1 0 0 1 0 1 NaN 
54 4 2 3 0 0 1 1 2 0 1 NaN 
54 5 2 1 1 0 0 1 1 1 1 3.164970e-01 
54 6 2 3 1 1 0 0 1 0 1 NaN 
54 7 2 1 1 0 0 1 1 1 1 3.343944e-01 
54 8 2 2 0 -1 -1 -1 1 0 0 NaN 
54 9 2 4 -1 -1 0 0 2 0 1 NaN 
54 10 2 2 0 -1 -1 0 2 2 1 3.597835e-01 
54 11 2 3 0 0 1 1 1 0 1 NaN 
54 12 2 2 0 -1 -1 -1 1 0 0 NaN 
54 13 2 2 -1 0 0 -1 2 2 1 7.865264e-01 
54 14 2 1 1 0 0 0 2 1 0 8.887764e-01 
54 15 2 1 0 1 1 0 1 1 1 8.698344e-01 
54 16 2 3 0 0 1 1 2 0 1 NaN 
54 17 2 3 0 0 1 1 1 0 1 NaN 
54 18 2 4 -1 -1 0 -1 2 2 0 9.079074e-01 
54 19 2 2 0 -1 -1 -1 2 0 0 NaN 
54 20 2 4 0 0 -1 -1 2 0 1 NaN 
54 1 1 2 0 -1 -1 0 2 2 1 4.158839e-01 
54 2 1 1 1 0 0 0 2 1 0 2.729144e-01 
54 3 1 2 0 -1 -1 -1 1 0 0 NaN 
54 4 1 2 0 -1 -1 -1 1 2 0 4.060450e-01 
54 5 1 3 0 0 1 0 1 1 0 5.034237e-01 
54 6 1 4 0 0 -1 0 2 2 0 5.253548e-01 
54 7 1 4 -1 -1 0 0 1 0 1 NaN 
54 8 1 1 1 0 0 1 1 1 1 3.125948e-01 
54 9 1 1 1 0 0 0 2 1 0 3.008674e-01 
54 10 1 3 1 1 0 1 1 1 0 2.381447e-01 
54 11 1 2 0 -1 -1 0 2 2 1 3.047076e-01 
54 12 1 4 -1 -1 0 0 1 0 1 NaN 
54 13 1 3 0 0 1 0 2 1 0 2.936631e-01 
54 14 1 1 0 1 1 0 1 1 1 1.075765e-01 
54 15 1 1 1 0 0 1 1 1 1 3.428169e-01 
54 16 1 3 0 0 1 0 2 1 0 4.311771e-01 
54 17 1 4 -1 -1 0 0 2 0 1 NaN 
54 18 1 3 0 0 1 0 1 1 0 1.640573e-01 
54 19 1 2 -1 0 0 -1 2 2 1 6.289553e-01 
54 20 1 4 -1 -1 0 -1 2 1 0 2.422845e-01 
54 1 2 4 -1 -1 0 0 2 0 1 NaN 
54 2 2 2 0 -1 -1 -1 2 0 0 NaN 
54 3 2 1 1 0 0 0 2 1 0 2.762288e-01 
54 4 2 4 -1 -1 0 -1 1 1 0 6.507564e-01 
54 5 2 1 1 0 0 1 1 1 1 4.092745e-01 
54 6 2 4 -1 -1 0 -1 2 2 0 9.956285e-01 
54 7 2 1 1 0 0 0 2 1 0 1.771423e-01 
54 8 2 3 0 0 1 1 2 0 1 NaN 
54 9 2 4 0 0 -1 -1 2 0 1 NaN 
54 10 2 1 0 1 1 0 1 1 1 1.266941e-01 
54 11 2 2 0 -1 -1 0 1 1 1 4.636469e-01 
54 12 2 3 0 0 1 1 1 0 1 NaN 
54 13 2 3 1 1 0 0 1 0 1 NaN 
54 14 2 2 -1 0 0 -1 2 2 1 5.111234e-01 
54 15 2 3 0 0 1 1 1 0 1 NaN 
54 16 2 3 0 0 1 1 2 0 1 NaN 
54 17 2 2 0 -1 -1 0 1 1 1 4.256955e-01 
54 18 2 1 1 0 0 1 1 1 1 1.268800e-01 
54 19 2 2 0 -1 -1 0 2 2 1 6.638967e-01 
54 20 2 4 -1 -1 0 -1 1 1 0 8.531722e-01 
54 1 1 2 0 -1 -1 0 2 2 1 4.033216e-01 
54 2 1 4 0 0 -1 0 2 1 0 2.017735e-01 
54 3 1 1 1 0 0 1 1 1 1 2.902994e-01 
54 4 1 2 0 -1 -1 0 2 2 1 5.765791e-01 
54 5 1 3 0 0 1 1 2 0 1 NaN 
54 6 1 1 1 0 0 0 1 0 0 NaN 
54 7 1 3 0 0 1 1 2 0 1 NaN 
54 8 1 2 0 -1 -1 0 1 1 1 1.633697e-02 
54 9 1 1 1 0 0 0 2 0 0 NaN 
54 10 1 4 -1 -1 0 0 1 0 1 NaN 
54 11 1 2 -1 0 0 -1 2 2 1 6.063918e-01 
54 12 1 4 -1 -1 0 0 2 0 1 NaN 
54 13 1 4 -1 -1 0 -1 1 1 0 9.498163e-01 
54 14 1 4 -1 -1 0 -1 2 2 0 2.546755e-01 
54 15 1 3 1 1 0 1 1 1 0 2.609805e-01 
54 16 1 2 0 -1 -1 -1 1 0 0 NaN 
54 17 1 1 0 1 1 1 1 0 0 NaN 
54 18 1 3 0 0 1 0 1 1 0 3.216036e-02 
54 19 1 1 1 0 0 0 2 0 0 NaN 
54 20 1 3 0 0 1 0 1 1 0 3.612114e-01 
54 1 2 1 1 0 0 0 2 1 0 3.058974e-01 
54 2 2 4 -1 -1 0 -1 1 1 0 6.110491e-01 
54 3 2 1 1 0 0 0 1 0 0 NaN 
54 4 2 3 0 0 1 1 2 0 1 NaN 
54 5 2 1 1 0 0 1 1 1 1 2.893358e-01 
54 6 2 2 0 -1 -1 -1 2 0 0 NaN 
54 7 2 4 -1 -1 0 0 2 0 1 NaN 
54 8 2 2 0 -1 -1 0 1 1 1 4.758062e-01 
54 9 2 3 1 1 0 0 1 0 1 NaN 
54 10 2 4 -1 -1 0 0 1 0 1 NaN 
54 11 2 2 -1 0 0 0 2 0 0 NaN 
54 12 2 4 -1 -1 0 0 2 0 1 NaN 
54 13 2 1 0 1 1 0 1 1 1 2.603497e-01 
54 14 2 4 0 0 -1 -1 2 0 1 NaN 
54 15 2 3 0 0 1 1 2 0 1 NaN 
54 16 2 2 0 -1 -1 -1 1 0 0 NaN 
54 17 2 3 0 0 1 1 1 0 1 NaN 
54 18 2 2 0 -1 -1 -1 2 0 0 NaN 
54 19 2 3 0 0 1 1 1 0 1 NaN 
54 20 2 1 1 0 0 0 2 1 0 7.019566e-01 
54 1 1 4 -1 -1 0 0 1 0 1 NaN 
54 2 1 3 0 0 1 0 1 1 0 8.432445e-01 
54 3 1 1 1 0 0 1 1 1 1 2.530558e-01 
54 4 1 1 1 0 0 0 2 1 0 4.283625e-01 
54 5 1 4 -1 -1 0 0 1 0 1 NaN 
54 6 1 2 0 -1 -1 -1 1 0 0 NaN 
54 7 1 1 0 1 1 0 1 1 1 2.236027e-01 
54 8 1 3 0 0 1 0 1 1 0 2.134504e-01 
54 9 1 1 1 0 0 0 2 0 0 NaN 
54 10 1 4 0 0 -1 -1 2 0 1 NaN 
54 11 1 1 1 0 0 0 1 0 0 NaN 
54 12 1 3 0 0 1 0 2 1 0 2.332493e-01 
54 13 1 4 -1 -1 0 0 2 0 1 NaN 
54 14 1 2 0 -1 -1 0 2 2 1 7.524956e-01 
54 15 1 2 -1 0 0 -1 2 2 1 6.325767e-01 
54 16 1 4 -1 -1 0 -1 2 2 0 2.433594e-01 
54 17 1 2 0 -1 -1 0 2 2 1 2.336638e-01 
54 18 1 3 1 1 0 1 1 1 0 6.777656e-01 
54 19 1 3 0 0 1 0 2 1 0 4.441922e-01 
54 20 1 2 0 -1 -1 -1 1 0 0 NaN 
54 1 2 3 0 0 1 1 1 0 1 NaN 
54 2 2 3 0 0 1 1 2 0 1 NaN 
54 3 2 1 0 1 1 0 1 1 1 2.598626e-01 
54 4 2 1 1 0 0 0 2 0 0 NaN 
54 5 2 1 1 0 0 1 1 1 1 2.071508e-01 
54 6 2 1 1 0 0 1 1 1 1 4.940048e-01 
54 7 2 3 0 0 1 1 1 0 1 NaN 
54 8 2 4 -1 -1 0 0 2 0 1 NaN 
54 9 2 1 1 0 0 0 2 1 0 1.892885e-01 
54 10 2 2 0 -1 -1 0 1 1 1 3.162171e-01 
54 11 2 3 0 0 1 1 2 0 1 NaN 
54 12 2 4 0 0 -1 -1 2 0 1 NaN 
54 13 2 2 0 -1 -1 -1 2 0 0 NaN 
54 14 2 2 -1 0 0 -1 2 2 1 4.730212e-01 
54 15 2 3 1 1 0 0 1 0 1 NaN 
54 16 2 2 0 -1 -1 0 2 2 1 7.462782e-01 
54 17 2 2 0 -1 -1 0 1 1 1 8.021425e-01 
54 18 2 4 -1 -1 0 0 2 0 1 NaN 
54 19 2 4 -1 -1 0 0 1 0 1 NaN 
54 20 2 4 -1 -1 0 0 1 0 1 NaN 
54 1 1 2 0 -1 -1 0 2 2 1 2.549273e-01 
54 2 1 1 1 0 0 0 2 1 0 2.307063e-01 
54 3 1 2 0 -1 -1 0 2 2 1 2.798384e-01 
54 4 1 4 -1 -1 0 0 2 0 1 NaN 
54 5 1 2 0 -1 -1 0 1 1 1 8.204102e-01 
54 6 1 2 0 -1 -1 -1 1 0 0 NaN 
54 7 1 4 0 0 -1 0 2 2 0 2.626117e-01 
54 8 1 1 1 0 0 1 1 1 1 8.292666e-01 
54 9 1 1 0 1 1 1 1 0 0 NaN 
54 10 1 2 -1 0 0 -1 2 2 1 2.508854e-01 
54 11 1 3 0 0 1 0 2 1 0 6.171177e-02 
54 12 1 3 0 0 1 0 2 1 0 2.929688e-01 
54 13 1 3 0 0 1 0 1 1 0 3.209060e-01 
54 14 1 1 1 0 0 1 1 1 1 1.839128e-01 
54 15 1 4 -1 -1 0 -1 2 2 0 2.921761e-01 
54 16 1 4 -1 -1 0 -1 1 1 0 4.715488e-01 
54 17 1 1 1 0 0 0 2 1 0 5.141457e-02 
54 18 1 3 0 0 1 0 1 1 0 2.431763e-01 
54 19 1 3 1 1 0 0 1 0 1 NaN 
54 20 1 4 -1 -1 0 0 1 0 1 NaN 
54 1 2 3 1 1 0 0 1 0 1 NaN 
54 2 2 3 0 0 1 1 1 0 1 NaN 
54 3 2 1 1 0 0 1 1 1 1 2.693115e-01 
54 4 2 1 0 1 1 0 1 1 1 7.233718e-01 
54 5 2 1 1 0 0 0 2 0 0 NaN 
54 6 2 4 0 0 -1 -1 2 0 1 NaN 
54 7 2 2 0 -1 -1 0 2 2 1 8.806590e-01 
54 8 2 3 0 0 1 1 1 0 1 NaN 
54 9 2 4 -1 -1 0 -1 1 1 0 5.623935e-01 
54 10 2 4 -1 -1 0 0 2 0 1 NaN 
54 11 2 4 -1 -1 0 0 2 0 1 NaN 
54 12 2 3 0 0 1 1 2 0 1 NaN 
54 13 2 2 0 -1 -1 -1 2 0 0 NaN 
54 14 2 1 1 0 0 0 1 0 0 NaN 
54 15 2 2 -1 0 0 0 2 0 0 NaN 
54 16 2 1 1 0 0 0 2 1 0 3.246917e-01 
54 17 2 4 -1 -1 0 0 1 0 1 NaN 
54 18 2 2 0 -1 -1 0 1 1 1 2.796087e-01 
54 19 2 2 0 -1 -1 0 1 1 1 8.085731e-01 
54 20 2 3 0 0 1 1 2 0 1 NaN 
54 1 1 1 1 0 0 0 1 0 0 NaN 
54 2 1 4 -1 -1 0 0 2 0 1 NaN 
54 3 1 2 0 -1 -1 0 1 1 1 6.148877e-01 
54 4 1 1 1 0 0 0 2 1 0 1.865991e-01 
54 5 1 4 -1 -1 0 -1 2 2 0 7.622295e-01 
54 6 1 2 -1 0 0 -1 2 2 1 4.565299e-01 
54 7 1 3 0 0 1 0 2 1 0 2.723957e-01 
54 8 1 3 0 0 1 0 2 1 0 3.283113e-01 
54 9 1 4 -1 -1 0 0 1 0 1 NaN 
54 10 1 2 0 -1 -1 -1 2 0 0 NaN 
54 11 1 1 1 0 0 0 2 1 0 1.528400e-01 
54 12 1 2 0 -1 -1 -1 2 0 0 NaN 
54 13 1 4 -1 -1 0 0 1 0 1 NaN 
54 14 1 2 0 -1 -1 -1 1 0 0 NaN 
54 15 1 4 0 0 -1 0 2 1 0 9.170539e-01 
54 16 1 1 0 1 1 0 1 1 1 3.388410e-01 
54 17 1 3 0 0 1 0 1 1 0 3.812069e-01 
54 18 1 3 1 1 0 0 1 0 1 NaN 
54 19 1 1 1 0 0 0 1 0 0 NaN 
54 20 1 3 0 0 1 0 1 1 0 2.360292e-01 
54 1 2 3 0 0 1 1 1 0 1 NaN 
54 2 2 2 0 -1 -1 0 2 2 1 7.769164e-01 
54 3 2 2 -1 0 0 -1 2 2 1 5.272093e-01 
54 4 2 4 -1 -1 0 0 1 0 1 NaN 
54 5 2 4 -1 -1 0 0 1 0 1 NaN 
54 6 2 1 1 0 0 0 2 1 0 3.536297e-01 
54 7 2 3 0 0 1 1 1 0 1 NaN 
54 8 2 3 0 0 1 1 2 0 1 NaN 
54 9 2 1 1 0 0 0 1 0 0 NaN 
54 10 2 3 0 0 1 1 2 0 1 NaN 
54 11 2 2 0 -1 -1 0 2 2 1 5.774049e-01 
54 12 2 1 1 0 0 1 1 1 1 4.252862e-01 
54 13 2 1 1 0 0 0 2 0 0 NaN 
54 14 2 3 1 1 0 0 1 0 1 NaN 
54 15 2 4 -1 -1 0 0 2 0 1 NaN 
54 16 2 1 0 1 1 0 1 1 1 3.125155e-01 
54 17 2 2 0 -1 -1 -1 1 0 0 NaN 
54 18 2 4 -1 -1 0 0 2 0 1 NaN 
54 19 2 4 0 0 -1 -1 2 0 1 NaN 
54 20 2 2 0 -1 -1 0 1 1 1 4.978975e-01 
