Latent Order
[[2,0,3,2],
 [0,1,3,3],
 [1,1,2,0]]

Robots
[[3,2,2,0],
 [0,3,2,2],
 [3,0,2,2],
 [0,3,2,2],
 [2,3,0,2],
 [0,2,2,3],
 [2,3,2,0],
 [2,0,3,2],
 [3,2,0,3],
 [2,0,3,3],
 [2,3,3,1],
 [1,3,3,2],
 [3,1,3,0],
 [0,3,1,3],
 [3,0,3,1],
 [3,0,1,3],
 [1,0,3,3],
 [3,1,0,3],
 [0,3,1,0],
 [0,0,3,1],
 [1,1,2,0],
 [1,0,2,1],
 [1,2,0,1],
 [1,0,2,1],
 [1,1,0,2],
 [2,0,1,1],
 [0,2,1,1],
 [1,0,2,1],
 [2,0,1,1],
 [2,1,0,1]]

Stimuli
[[ 0, 1, 2, 3],
 [ 3, 0, 1, 2],
 [ 0, 3, 1, 2],
 [ 3, 0, 2, 1],
 [ 2, 0, 3, 1],
 [ 3, 1, 2, 0],
 [ 1, 0, 2, 3],
 [ 2, 3, 0, 1],
 [ 4, 1, 3, 0],
 [ 1, 3, 4, 0],
 [ 1, 0, 4, 5],
 [ 5, 4, 0, 1],
 [ 6, 5, 4, 7],
 [ 7, 4, 5, 6],
 [ 6, 7, 4, 5],
 [ 4, 7, 5, 6],
 [ 5, 7, 4, 6],
 [ 4, 5, 7, 6],
 [ 8, 6, 5, 7],
 [ 8, 7, 6, 5],
 [ 5, 9,10, 8],
 [ 5, 8,10, 9],
 [11,10, 8, 9],
 [11, 8,10, 9],
 [11, 9, 8,10],
 [10, 8, 9,11],
 [ 8,10, 9,11],
 [11, 8,10, 9],
 [10, 8,11, 9],
 [10, 9, 8,11]]

