Latent Order
[[3,1,0,0],
 [2,1,0,3],
 [2,3,2,1]]

Robots
[[1,0,3,0],
 [1,0,0,3],
 [0,1,0,3],
 [0,3,1,0],
 [0,3,1,0],
 [3,1,0,0],
 [0,3,0,1],
 [0,0,3,1],
 [0,3,0,1],
 [3,0,1,0],
 [2,1,3,0],
 [1,3,0,2],
 [3,2,0,1],
 [0,2,3,1],
 [2,0,1,3],
 [1,3,2,0],
 [2,1,3,0],
 [3,2,0,1],
 [1,3,0,2],
 [3,0,1,2],
 [2,3,1,2],
 [3,2,1,2],
 [2,2,3,1],
 [1,2,2,3],
 [2,3,2,1],
 [2,3,2,1],
 [2,3,1,2],
 [2,1,3,2],
 [2,1,2,3],
 [3,2,1,2]]

Stimuli
[[ 0, 1, 2, 3],
 [ 0, 1, 3, 2],
 [ 3, 0, 1, 2],
 [ 1, 2, 0, 3],
 [ 1, 2, 0, 3],
 [ 2, 0, 1, 3],
 [ 3, 2, 1, 0],
 [ 3, 1, 2, 0],
 [ 4, 2, 3, 0],
 [ 2, 3, 0, 4],
 [ 5, 0, 6, 4],
 [ 0, 6, 4, 5],
 [ 6, 5, 4, 7],
 [ 4, 5, 6, 7],
 [ 5, 4, 7, 6],
 [ 7, 6, 5, 4],
 [ 5, 7, 6, 4],
 [ 6, 5, 4, 7],
 [ 7, 6, 4, 8],
 [ 6, 4, 7, 8],
 [ 8, 6, 7, 9],
 [ 6, 9, 7, 8],
 [ 9, 8,10,11],
 [11, 9, 8,10],
 [ 8,10, 9,11],
 [ 9,10, 8,11],
 [ 8,10,11, 9],
 [ 9,11,10, 8],
 [ 8,11, 9,10],
 [10, 8,11, 9]]

