Latent Order
[[1,2,0,1],
 [1,3,3,2],
 [0,3,0,2]]

Robots
[[1,1,0,2],
 [1,0,2,1],
 [2,0,1,1],
 [1,2,1,0],
 [0,2,1,1],
 [2,1,0,1],
 [2,0,1,1],
 [1,1,2,0],
 [3,1,0,2],
 [1,2,0,3],
 [1,2,0,3],
 [2,0,1,3],
 [2,3,1,3],
 [1,3,2,3],
 [3,3,2,1],
 [3,3,2,1],
 [1,3,2,3],
 [2,3,1,3],
 [3,2,1,3],
 [2,1,3,3],
 [3,0,2,1],
 [2,3,0,1],
 [3,0,0,2],
 [0,0,2,3],
 [3,0,0,2],
 [2,0,0,3],
 [2,0,0,3],
 [3,0,2,0],
 [0,3,0,2],
 [0,0,2,3]]

Stimuli
[[ 0, 1, 2, 3],
 [ 1, 2, 3, 0],
 [ 3, 2, 0, 1],
 [ 1, 3, 0, 2],
 [ 2, 3, 1, 0],
 [ 3, 1, 2, 0],
 [ 3, 2, 0, 1],
 [ 1, 0, 3, 2],
 [ 4, 0, 2, 5],
 [ 0, 5, 2, 4],
 [ 6, 5, 2, 4],
 [ 5, 2, 6, 4],
 [ 5, 7, 6, 4],
 [ 6, 7, 5, 4],
 [ 4, 7, 5, 6],
 [ 4, 7, 5, 6],
 [ 6, 7, 5, 4],
 [ 5, 7, 6, 4],
 [ 8, 5, 6, 7],
 [ 5, 6, 7, 8],
 [ 8, 9,10, 6],
 [10, 8, 9, 6],
 [ 8, 9,11,10],
 [11, 9,10, 8],
 [ 8,11, 9,10],
 [10, 9,11, 8],
 [10, 9,11, 8],
 [ 8,11,10, 9],
 [11, 8, 9,10],
 [ 9,11,10, 8]]

