# python scripts/make_runsheet.py 14

Latent Order
[[0,2,1,3],
 [1,2,1,3],
 [0,2,3,0]]

Robots
[[0,2,3,1],
 [3,2,1,0],
 [3,0,2,1],
 [3,1,0,2],
 [3,0,1,2],
 [1,3,2,0],
 [1,2,3,0],
 [1,3,0,2],
 [2,1,0,3],
 [3,2,0,1],
 [1,2,3,0],
 [2,0,1,3],
 [1,3,1,2],
 [1,2,1,3],
 [1,1,2,3],
 [2,3,1,1],
 [1,1,2,3],
 [2,3,1,1],
 [1,3,1,2],
 [3,1,2,1],
 [1,2,0,3],
 [0,3,1,2],
 [3,0,2,0],
 [0,0,2,3],
 [2,3,0,0],
 [2,0,3,0],
 [3,0,0,2],
 [0,0,3,2],
 [2,0,0,3],
 [0,3,2,0]]

Stimuli
[[ 0, 1, 2, 3],
 [ 2, 1, 3, 0],
 [ 2, 0, 1, 3],
 [ 2, 3, 0, 1],
 [ 2, 0, 3, 1],
 [ 3, 2, 1, 0],
 [ 3, 1, 2, 0],
 [ 3, 2, 0, 1],
 [ 1, 3, 0, 4],
 [ 4, 1, 0, 3],
 [ 3, 5, 4, 0],
 [ 5, 0, 3, 4],
 [ 6, 4, 7, 5],
 [ 7, 5, 6, 4],
 [ 6, 7, 5, 4],
 [ 5, 4, 7, 6],
 [ 7, 6, 5, 4],
 [ 5, 4, 6, 7],
 [ 7, 4, 6, 5],
 [ 4, 6, 5, 7],
 [ 7, 5, 8, 9],
 [ 8, 9, 7, 5],
 [ 9, 8,10,11],
 [11, 8,10, 9],
 [10, 9,11, 8],
 [10,11, 9, 8],
 [ 9,11, 8,10],
 [ 8,11, 9,10],
 [10, 8,11, 9],
 [ 8, 9,10,11]]

