# python scripts/make_runsheet.py 0

Latent Order
[[3,1,0,3],
 [3,0,1,2],
 [1,2,2,0]]

Robots
[[3,3,0,1],
 [0,3,1,3],
 [1,3,3,0],
 [1,3,3,0],
 [3,0,1,3],
 [0,1,3,3],
 [1,3,3,0],
 [3,3,0,1],
 [2,0,3,1],
 [1,0,2,3],
 [2,3,1,0],
 [0,1,2,3],
 [2,1,0,3],
 [0,1,3,2],
 [1,2,3,0],
 [2,0,1,3],
 [0,3,2,1],
 [0,3,2,1],
 [0,3,2,1],
 [2,0,1,3],
 [3,1,0,2],
 [0,1,2,3],
 [2,0,1,2],
 [2,2,0,1],
 [0,2,2,1],
 [0,1,2,2],
 [2,0,1,2],
 [0,1,2,2],
 [0,2,1,2],
 [2,0,1,2]]

Stimuli
[[ 0, 1, 2, 3],
 [ 2, 0, 3, 1],
 [ 3, 1, 0, 2],
 [ 3, 0, 1, 2],
 [ 0, 2, 3, 1],
 [ 2, 3, 0, 1],
 [ 3, 1, 0, 2],
 [ 1, 0, 2, 3],
 [ 4, 2, 0, 3],
 [ 3, 2, 4, 0],
 [ 4, 0, 5, 6],
 [ 6, 5, 4, 0],
 [ 4, 5, 6, 7],
 [ 6, 5, 7, 4],
 [ 5, 4, 7, 6],
 [ 4, 6, 5, 7],
 [ 6, 7, 4, 5],
 [ 6, 7, 4, 5],
 [ 8, 7, 9, 5],
 [ 9, 8, 5, 7],
 [ 7, 5, 8, 9],
 [ 8, 5, 9, 7],
 [10, 8,11, 9],
 [10, 9, 8,11],
 [ 8,10, 9,11],
 [ 8,11, 9,10],
 [10, 8,11, 9],
 [ 8,11,10, 9],
 [ 8, 9,11,10],
 [10, 8,11, 9]]