# python scripts/make_runsheet.py 13

Latent Order
[[3,2,1,0],
 [0,1,3,2],
 [3,2,0,1]]

Robots
[[1,2,3,0],
 [0,2,1,3],
 [2,3,1,0],
 [0,3,2,1],
 [3,2,0,1],
 [3,2,1,0],
 [1,0,2,3],
 [2,3,1,0],
 [3,2,3,2],
 [3,2,3,2],
 [1,3,2,3],
 [2,3,1,3],
 [1,0,3,2],
 [2,1,0,3],
 [2,3,0,1],
 [0,3,2,1],
 [2,0,1,3],
 [1,2,0,3],
 [0,2,0,1],
 [2,0,1,0],
 [0,1,0,1],
 [0,1,0,1],
 [2,0,3,1],
 [0,2,1,3],
 [1,0,2,3],
 [2,3,0,1],
 [0,2,3,1],
 [0,1,3,2],
 [1,2,3,0],
 [0,3,1,2]]

Stimuli
[[ 0, 1, 2, 3],
 [ 3, 1, 0, 2],
 [ 1, 2, 0, 3],
 [ 3, 2, 1, 0],
 [ 2, 1, 3, 0],
 [ 2, 1, 0, 3],
 [ 0, 3, 1, 2],
 [ 1, 2, 0, 3],
 [ 2, 4, 5, 1],
 [ 5, 1, 2, 4],
 [ 6, 2, 4, 5],
 [ 4, 2, 6, 5],
 [ 6, 7, 5, 4],
 [ 4, 6, 7, 5],
 [ 4, 5, 7, 6],
 [ 7, 5, 4, 6],
 [ 4, 7, 6, 5],
 [ 6, 4, 7, 5],
 [ 7, 4, 8, 6],
 [ 4, 7, 6, 8],
 [ 7, 9, 8, 6],
 [ 7, 9, 8, 6],
 [10, 8,11, 9],
 [ 8,10, 9,11],
 [ 9, 8,10,11],
 [10,11, 8, 9],
 [ 8,10,11, 9],
 [ 8, 9,11,10],
 [ 9,10,11, 8],
 [ 8,11, 9,10]]

