subID TrialNo Threat(1)/Safe(2) Fractal CodeOutcomeRightSide CodeOutcomeWrongSide CodeOutcomeNoPress ActualOutcome Circleside(1Left2Right) response Accuracy rt 
227 1 2 3 0 0 1 0 2 2 0 5.849101e-01 
227 2 2 3 0 0 1 0 2 2 0 4.042809e-01 
227 3 2 4 -1 -1 0 0 1 0 1 NaN 
227 4 2 3 0 0 1 0 1 1 0 5.382135e-01 
227 5 2 1 0 1 1 0 1 1 1 6.502655e-01 
227 6 2 4 -1 -1 0 -1 2 2 0 5.244627e-01 
227 7 2 2 0 -1 -1 0 1 1 1 8.753878e-01 
227 8 2 1 1 0 0 0 2 0 0 NaN 
227 9 2 2 -1 0 0 -1 2 2 1 9.142364e-01 
227 10 2 1 1 0 0 1 2 2 1 7.193550e-01 
227 11 2 2 0 -1 -1 0 2 2 1 6.937570e-01 
227 12 2 1 1 0 0 1 1 1 1 8.873570e-01 
227 13 2 1 1 0 0 1 1 1 1 6.891514e-01 
227 14 2 3 1 1 0 1 1 2 0 8.412685e-01 
227 15 2 4 -1 -1 0 -1 1 1 0 6.707826e-01 
227 16 2 4 -1 -1 0 -1 2 2 0 7.455400e-01 
227 17 2 2 0 -1 -1 -1 1 0 0 NaN 
227 18 2 2 0 -1 -1 0 2 2 1 8.409374e-01 
227 19 2 4 0 0 -1 0 2 2 0 5.501395e-01 
227 20 2 3 0 0 1 0 1 1 0 7.726666e-01 
227 1 1 1 1 0 0 1 1 1 1 6.248353e-01 
227 2 1 2 0 -1 -1 0 2 2 1 7.640776e-01 
227 3 1 2 0 -1 -1 -1 2 0 0 NaN 
227 4 1 3 0 0 1 0 1 1 0 7.540664e-01 
227 5 1 4 -1 -1 0 -1 1 1 0 6.893133e-01 
227 6 1 3 0 0 1 0 1 1 0 6.889682e-01 
227 7 1 1 1 0 0 1 2 2 1 5.070603e-01 
227 8 1 3 1 1 0 0 1 0 1 NaN 
227 9 1 4 0 0 -1 0 2 2 0 6.227427e-01 
227 10 1 4 -1 -1 0 0 2 0 1 NaN 
227 11 1 3 0 0 1 1 2 0 1 NaN 
227 12 1 1 1 0 0 1 1 1 1 8.182507e-01 
227 13 1 1 1 0 0 0 2 0 0 NaN 
227 14 1 2 0 -1 -1 0 1 1 1 8.211527e-01 
227 15 1 3 0 0 1 0 2 2 0 3.476145e-01 
227 16 1 4 -1 -1 0 0 1 0 1 NaN 
227 17 1 1 0 1 1 0 1 1 1 5.928075e-01 
227 18 1 2 0 -1 -1 -1 1 0 0 NaN 
227 19 1 2 -1 0 0 -1 2 2 1 7.024454e-01 
227 20 1 4 -1 -1 0 -1 2 2 0 7.821552e-01 
227 1 2 3 0 0 1 1 1 0 1 NaN 
227 2 2 1 1 0 0 0 2 0 0 NaN 
227 3 2 3 0 0 1 0 2 2 0 4.961688e-01 
227 4 2 3 1 1 0 0 1 0 1 NaN 
227 5 2 3 0 0 1 0 1 1 0 9.192365e-01 
227 6 2 1 1 0 0 1 1 1 1 6.468419e-01 
227 7 2 1 1 0 0 0 2 0 0 NaN 
227 8 2 3 0 0 1 1 2 0 1 NaN 
227 9 2 2 -1 0 0 -1 2 2 1 7.346954e-01 
227 10 2 2 0 -1 -1 -1 2 0 0 NaN 
227 11 2 1 1 0 0 1 1 1 1 8.510016e-01 
227 12 2 4 -1 -1 0 0 1 0 1 NaN 
227 13 2 1 0 1 1 1 1 0 0 NaN 
227 14 2 4 0 0 -1 0 2 2 0 6.825494e-01 
227 15 2 4 -1 -1 0 0 2 0 1 NaN 
227 16 2 2 0 -1 -1 -1 2 0 0 NaN 
227 17 2 4 -1 -1 0 -1 2 2 0 4.393158e-01 
227 18 2 2 0 -1 -1 -1 1 0 0 NaN 
227 19 2 2 0 -1 -1 0 1 1 1 5.264485e-01 
227 20 2 4 -1 -1 0 -1 1 1 0 8.067541e-01 
227 1 1 1 1 0 0 1 2 2 1 5.867455e-01 
227 2 1 1 0 1 1 1 1 0 0 NaN 
227 3 1 1 1 0 0 0 1 0 0 NaN 
227 4 1 4 -1 -1 0 -1 2 2 0 5.674053e-01 
227 5 1 2 0 -1 -1 0 2 2 1 7.161677e-01 
227 6 1 2 0 -1 -1 0 1 1 1 6.693414e-01 
227 7 1 3 0 0 1 1 2 0 1 NaN 
227 8 1 1 1 0 0 0 2 0 0 NaN 
227 9 1 1 1 0 0 1 1 1 1 7.913614e-01 
227 10 1 4 -1 -1 0 -1 1 1 0 7.496785e-01 
227 11 1 2 0 -1 -1 -1 2 0 0 NaN 
227 12 1 3 0 0 1 0 1 1 0 6.110297e-01 
227 13 1 2 -1 0 0 -1 2 2 1 3.807333e-01 
227 14 1 4 -1 -1 0 0 2 0 1 NaN 
227 15 1 3 0 0 1 1 1 0 1 NaN 
227 16 1 4 0 0 -1 0 2 2 0 9.126934e-01 
227 17 1 2 0 -1 -1 0 1 1 1 4.941824e-01 
227 18 1 3 1 1 0 1 1 2 0 7.581707e-01 
227 19 1 3 0 0 1 1 2 0 1 NaN 
227 20 1 4 -1 -1 0 -1 1 1 0 8.051567e-01 
227 1 2 2 -1 0 0 -1 2 2 1 5.226564e-01 
227 2 2 3 0 0 1 0 1 1 0 5.671790e-01 
227 3 2 1 1 0 0 0 2 1 0 1.239167e-01 
227 4 2 3 0 0 1 0 1 1 0 8.998120e-01 
227 5 2 4 -1 -1 0 -1 2 2 0 6.027974e-01 
227 6 2 3 0 0 1 0 2 2 0 6.081584e-01 
227 7 2 2 0 -1 -1 -1 2 0 0 NaN 
227 8 2 1 1 0 0 1 1 1 1 1.002503e-01 
227 9 2 4 -1 -1 0 -1 2 2 0 5.503494e-01 
227 10 2 1 1 0 0 1 1 1 1 2.444872e-01 
227 11 2 1 1 0 0 0 2 0 0 NaN 
227 12 2 2 0 -1 -1 -1 2 0 0 NaN 
227 13 2 2 0 -1 -1 0 1 1 1 6.519985e-01 
227 14 2 3 0 0 1 0 2 2 0 7.686383e-01 
227 15 2 2 0 -1 -1 0 1 1 1 7.542013e-01 
227 16 2 4 -1 -1 0 -1 1 1 0 9.137748e-01 
227 17 2 3 1 1 0 1 1 1 0 4.853861e-01 
227 18 2 1 0 1 1 0 1 1 1 6.042257e-01 
227 19 2 4 -1 -1 0 0 1 0 1 NaN 
227 20 2 4 0 0 -1 -1 2 0 1 NaN 
227 1 1 2 -1 0 0 -1 2 2 1 6.252003e-01 
227 2 1 2 0 -1 -1 -1 1 0 0 NaN 
227 3 1 1 1 0 0 1 1 1 1 5.163883e-01 
227 4 1 3 0 0 1 0 1 1 0 5.249592e-01 
227 5 1 1 1 0 0 1 2 2 1 5.650867e-01 
227 6 1 4 -1 -1 0 0 1 0 1 NaN 
227 7 1 1 1 0 0 0 2 0 0 NaN 
227 8 1 3 0 0 1 0 1 1 0 9.567979e-01 
227 9 1 3 1 1 0 0 1 0 1 NaN 
227 10 1 1 0 1 1 0 1 1 1 4.662589e-01 
227 11 1 4 -1 -1 0 -1 1 1 0 7.850871e-01 
227 12 1 1 1 0 0 1 1 1 1 6.795915e-01 
227 13 1 3 0 0 1 1 2 0 1 NaN 
227 14 1 2 0 -1 -1 -1 2 0 0 NaN 
227 15 1 4 -1 -1 0 -1 2 2 0 9.399964e-01 
227 16 1 2 0 -1 -1 0 1 1 1 5.864966e-01 
227 17 1 3 0 0 1 1 2 0 1 NaN 
227 18 1 2 0 -1 -1 -1 2 0 0 NaN 
227 19 1 4 0 0 -1 0 2 2 0 6.083807e-01 
227 20 1 4 -1 -1 0 0 2 0 1 NaN 
227 1 2 1 0 1 1 1 1 0 0 NaN 
227 2 2 3 0 0 1 0 2 2 0 7.591894e-01 
227 3 2 1 1 0 0 0 2 0 0 NaN 
227 4 2 1 1 0 0 1 1 1 1 6.086436e-01 
227 5 2 2 -1 0 0 -1 2 2 1 7.578557e-01 
227 6 2 3 1 1 0 1 1 2 0 4.442615e-01 
227 7 2 2 0 -1 -1 -1 2 0 0 NaN 
227 8 2 1 1 0 0 1 1 1 1 2.937510e-01 
227 9 2 1 1 0 0 0 2 0 0 NaN 
227 10 2 4 0 0 -1 -1 2 0 1 NaN 
227 11 2 2 0 -1 -1 -1 1 0 0 NaN 
227 12 2 3 0 0 1 0 1 1 0 3.825985e-01 
227 13 2 4 -1 -1 0 -1 2 2 0 5.650559e-01 
227 14 2 4 -1 -1 0 -1 1 1 0 7.070352e-01 
227 15 2 3 0 0 1 0 2 2 0 6.543585e-01 
227 16 2 4 -1 -1 0 0 2 0 1 NaN 
227 17 2 3 0 0 1 0 1 1 0 5.260468e-01 
227 18 2 4 -1 -1 0 0 1 0 1 NaN 
227 19 2 2 0 -1 -1 -1 2 0 0 NaN 
227 20 2 2 0 -1 -1 0 1 1 1 3.881663e-01 
227 1 1 3 0 0 1 0 2 2 0 6.256358e-01 
227 2 1 1 1 0 0 0 1 0 0 NaN 
227 3 1 3 0 0 1 1 1 0 1 NaN 
227 4 1 4 -1 -1 0 -1 2 2 0 5.044880e-01 
227 5 1 2 0 -1 -1 -1 2 0 0 NaN 
227 6 1 1 1 0 0 1 1 1 1 4.576233e-01 
227 7 1 1 1 0 0 0 2 0 0 NaN 
227 8 1 2 0 -1 -1 0 1 1 1 6.586221e-01 
227 9 1 4 -1 -1 0 0 1 0 1 NaN 
227 10 1 1 1 0 0 1 2 2 1 3.307987e-01 
227 11 1 3 1 1 0 0 1 0 1 NaN 
227 12 1 4 -1 -1 0 -1 2 2 0 6.756177e-01 
227 13 1 2 0 -1 -1 0 1 1 1 6.542476e-01 
227 14 1 3 0 0 1 0 1 1 0 4.046880e-01 
227 15 1 3 0 0 1 0 2 2 0 8.112169e-01 
227 16 1 1 0 1 1 1 1 0 0 NaN 
227 17 1 4 0 0 -1 0 2 2 0 6.653494e-01 
227 18 1 4 -1 -1 0 -1 1 1 0 7.574790e-01 
227 19 1 2 0 -1 -1 0 2 2 1 5.393630e-01 
227 20 1 2 -1 0 0 -1 2 2 1 8.845426e-01 
227 1 2 4 -1 -1 0 0 2 0 1 NaN 
227 2 2 3 0 0 1 0 2 2 0 8.158869e-01 
227 3 2 3 0 0 1 0 1 1 0 6.879238e-01 
227 4 2 2 0 -1 -1 0 2 2 1 2.769088e-01 
227 5 2 1 1 0 0 0 2 0 0 NaN 
227 6 2 2 0 -1 -1 -1 2 0 0 NaN 
227 7 2 3 1 1 0 1 1 1 0 5.935273e-01 
227 8 2 4 -1 -1 0 0 1 0 1 NaN 
227 9 2 3 0 0 1 0 2 2 0 6.533049e-01 
227 10 2 1 1 0 0 1 1 1 1 5.421302e-01 
227 11 2 4 -1 -1 0 0 2 0 1 NaN 
227 12 2 2 0 -1 -1 -1 1 0 0 NaN 
227 13 2 4 -1 -1 0 0 1 0 1 NaN 
227 14 2 1 1 0 0 0 2 0 0 NaN 
227 15 2 1 1 0 0 0 1 2 0 5.115546e-01 
227 16 2 2 0 -1 -1 0 1 1 1 9.059545e-01 
227 17 2 1 0 1 1 0 1 1 1 7.174779e-01 
227 18 2 4 0 0 -1 -1 2 0 1 NaN 
227 19 2 3 0 0 1 0 1 1 0 4.612550e-01 
227 20 2 2 -1 0 0 -1 2 2 1 5.089128e-01 
227 1 1 4 0 0 -1 -1 2 0 1 NaN 
227 2 1 3 0 0 1 0 1 1 0 3.095512e-01 
227 3 1 2 0 -1 -1 0 2 2 1 5.749907e-01 
227 4 1 2 0 -1 -1 -1 2 0 0 NaN 
227 5 1 1 0 1 1 1 1 2 0 3.173482e-01 
227 6 1 2 0 -1 -1 0 1 1 1 6.658729e-01 
227 7 1 4 -1 -1 0 0 1 0 1 NaN 
227 8 1 3 1 1 0 1 1 1 0 5.731190e-01 
227 9 1 4 -1 -1 0 0 2 0 1 NaN 
227 10 1 3 0 0 1 0 2 2 0 7.300103e-01 
227 11 1 1 1 0 0 1 1 1 1 6.785564e-01 
227 12 1 1 1 0 0 0 2 0 0 NaN 
227 13 1 4 -1 -1 0 0 1 0 1 NaN 
227 14 1 1 1 0 0 0 2 0 0 NaN 
227 15 1 3 0 0 1 0 2 2 0 4.981583e-01 
227 16 1 2 -1 0 0 0 2 0 0 NaN 
227 17 1 4 -1 -1 0 0 2 0 1 NaN 
227 18 1 3 0 0 1 0 1 1 0 6.111153e-01 
227 19 1 1 1 0 0 1 1 1 1 6.795292e-01 
227 20 1 2 0 -1 -1 -1 1 2 0 6.124456e-01 
227 1 2 1 1 0 0 1 1 1 1 5.099545e-01 
227 2 2 4 -1 -1 0 0 1 0 1 NaN 
227 3 2 1 1 0 0 1 1 1 1 6.071277e-01 
227 4 2 4 0 0 -1 -1 2 0 1 NaN 
227 5 2 4 -1 -1 0 0 1 0 1 NaN 
227 6 2 1 1 0 0 0 2 0 0 NaN 
227 7 2 3 0 0 1 0 2 2 0 6.955325e-01 
227 8 2 1 0 1 1 0 1 1 1 5.669691e-01 
227 9 2 3 1 1 0 1 1 1 0 4.020702e-01 
227 10 2 2 -1 0 0 0 2 0 0 NaN 
227 11 2 2 0 -1 -1 0 2 2 1 4.740621e-01 
227 12 2 2 0 -1 -1 -1 1 0 0 NaN 
227 13 2 3 0 0 1 0 2 2 0 8.437545e-01 
227 14 2 3 0 0 1 0 1 1 0 9.691289e-01 
227 15 2 2 0 -1 -1 -1 1 0 0 NaN 
227 16 2 2 0 -1 -1 0 2 2 1 5.563289e-01 
227 17 2 3 0 0 1 0 1 1 0 8.182883e-01 
227 18 2 4 -1 -1 0 -1 2 2 0 6.056067e-01 
227 19 2 4 -1 -1 0 -1 2 2 0 5.269977e-01 
227 20 2 1 1 0 0 0 2 0 0 NaN 
227 1 1 3 0 0 1 0 2 2 0 9.489231e-01 
227 2 1 1 1 0 0 1 2 2 1 6.175457e-01 
227 3 1 2 0 -1 -1 0 1 1 1 7.593487e-01 
227 4 1 1 1 0 0 0 1 0 0 NaN 
227 5 1 4 -1 -1 0 -1 2 2 0 9.289288e-01 
227 6 1 1 0 1 1 0 1 1 1 4.752325e-01 
227 7 1 3 0 0 1 0 1 1 0 7.207747e-01 
227 8 1 2 -1 0 0 -1 2 2 1 8.222790e-01 
227 9 1 4 0 0 -1 -1 2 0 1 NaN 
227 10 1 4 -1 -1 0 -1 1 1 0 6.284187e-01 
227 11 1 1 1 0 0 0 2 0 0 NaN 
227 12 1 2 0 -1 -1 -1 1 0 0 NaN 
227 13 1 3 0 0 1 0 2 2 0 4.976772e-01 
227 14 1 4 -1 -1 0 -1 1 1 0 6.944422e-01 
227 15 1 3 1 1 0 0 1 0 1 NaN 
227 16 1 1 1 0 0 0 1 0 0 NaN 
227 17 1 2 0 -1 -1 0 2 2 1 9.022070e-01 
227 18 1 3 0 0 1 1 1 0 1 NaN 
227 19 1 4 -1 -1 0 -1 2 2 0 4.348064e-01 
227 20 1 2 0 -1 -1 0 2 2 1 3.608243e-01 
227 1 2 3 0 0 1 0 2 2 0 9.205511e-01 
227 2 2 4 -1 -1 0 -1 2 2 0 6.042894e-01 
227 3 2 1 1 0 0 0 2 0 0 NaN 
227 4 2 1 1 0 0 1 1 1 1 5.784102e-01 
227 5 2 1 1 0 0 1 1 1 1 7.899485e-01 
227 6 2 3 0 0 1 1 1 0 1 NaN 
227 7 2 4 -1 -1 0 -1 1 1 0 6.890702e-01 
227 8 2 3 1 1 0 0 1 0 1 NaN 
227 9 2 2 0 -1 -1 -1 1 0 0 NaN 
227 10 2 2 -1 0 0 0 2 0 0 NaN 
227 11 2 3 0 0 1 0 1 1 0 8.374789e-01 
227 12 2 2 0 -1 -1 0 2 2 1 6.316567e-01 
227 13 2 4 0 0 -1 -1 2 0 1 NaN 
227 14 2 1 1 0 0 0 2 0 0 NaN 
227 15 2 1 0 1 1 0 1 1 1 4.505642e-01 
227 16 2 2 0 -1 -1 0 2 2 1 8.066431e-01 
227 17 2 3 0 0 1 1 2 0 1 NaN 
227 18 2 2 0 -1 -1 0 1 1 1 9.344073e-01 
227 19 2 4 -1 -1 0 0 2 0 1 NaN 
227 20 2 4 -1 -1 0 0 1 0 1 NaN 
227 1 1 3 0 0 1 0 2 2 0 6.404026e-01 
227 2 1 4 -1 -1 0 0 2 0 1 NaN 
227 3 1 2 0 -1 -1 0 2 2 1 9.529168e-01 
227 4 1 3 1 1 0 1 1 1 0 5.196972e-01 
227 5 1 2 0 -1 -1 -1 1 0 0 NaN 
227 6 1 1 1 0 0 1 1 1 1 9.051998e-01 
227 7 1 1 1 0 0 0 2 0 0 NaN 
227 8 1 1 1 0 0 0 1 0 0 NaN 
227 9 1 1 0 1 1 0 1 1 1 5.938296e-01 
227 10 1 3 0 0 1 1 1 0 1 NaN 
227 11 1 4 0 0 -1 -1 2 0 1 NaN 
227 12 1 2 -1 0 0 -1 2 2 1 6.195667e-01 
227 13 1 2 0 -1 -1 -1 2 0 0 NaN 
227 14 1 4 -1 -1 0 0 1 0 1 NaN 
227 15 1 2 0 -1 -1 0 1 1 1 9.174891e-01 
227 16 1 4 -1 -1 0 -1 2 2 0 6.207313e-01 
227 17 1 3 0 0 1 0 2 2 0 6.358350e-01 
227 18 1 4 -1 -1 0 0 1 0 1 NaN 
227 19 1 3 0 0 1 1 1 0 1 NaN 
227 20 1 1 1 0 0 1 2 2 1 4.472786e-01 
227 1 2 3 0 0 1 0 2 2 0 4.867729e-01 
227 2 2 4 -1 -1 0 0 2 0 1 NaN 
227 3 2 4 -1 -1 0 0 2 0 1 NaN 
227 4 2 4 0 0 -1 -1 2 0 1 NaN 
227 5 2 2 0 -1 -1 0 1 1 1 6.952804e-01 
227 6 2 3 1 1 0 1 1 1 0 6.319495e-01 
227 7 2 1 0 1 1 0 1 1 1 7.816419e-01 
227 8 2 2 0 -1 -1 0 2 2 1 5.128843e-01 
227 9 2 2 -1 0 0 -1 2 2 1 7.203149e-01 
227 10 2 3 0 0 1 0 1 1 0 5.240799e-01 
227 11 2 1 1 0 0 1 1 1 1 4.969283e-01 
227 12 2 1 1 0 0 0 2 0 0 NaN 
227 13 2 4 -1 -1 0 -1 1 1 0 6.787971e-01 
227 14 2 3 0 0 1 1 1 0 1 NaN 
227 15 2 2 0 -1 -1 0 2 2 1 6.382580e-01 
227 16 2 3 0 0 1 1 2 0 1 NaN 
227 17 2 1 1 0 0 1 1 1 1 5.094498e-01 
227 18 2 1 1 0 0 0 2 0 0 NaN 
227 19 2 4 -1 -1 0 -1 1 1 0 5.232091e-01 
227 20 2 2 0 -1 -1 0 1 1 1 5.202889e-01 
227 1 1 2 0 -1 -1 -1 1 0 0 NaN 
227 2 1 1 1 0 0 1 1 1 1 5.160795e-01 
227 3 1 1 1 0 0 1 2 2 1 3.977166e-01 
227 4 1 4 0 0 -1 0 2 2 0 6.594175e-01 
227 5 1 2 -1 0 0 0 2 0 0 NaN 
227 6 1 1 1 0 0 1 2 2 1 6.105243e-01 
227 7 1 4 -1 -1 0 0 1 0 1 NaN 
227 8 1 1 1 0 0 0 1 0 0 NaN 
227 9 1 4 -1 -1 0 -1 2 2 0 6.656658e-01 
227 10 1 1 0 1 1 0 1 1 1 9.106663e-01 
227 11 1 2 0 -1 -1 0 2 2 1 9.091065e-01 
227 12 1 4 -1 -1 0 -1 2 2 0 5.813239e-01 
227 13 1 2 0 -1 -1 -1 1 0 0 NaN 
227 14 1 3 0 0 1 0 2 2 0 6.168814e-01 
227 15 1 3 0 0 1 0 2 2 0 8.542078e-01 
227 16 1 2 0 -1 -1 -1 2 0 0 NaN 
227 17 1 3 1 1 0 1 1 1 0 3.031560e-01 
227 18 1 4 -1 -1 0 -1 1 1 0 8.257032e-01 
227 19 1 3 0 0 1 0 1 1 0 4.670280e-01 
227 20 1 3 0 0 1 0 1 1 0 4.855474e-01 
227 1 2 2 0 -1 -1 0 1 1 1 5.428493e-01 
227 2 2 1 1 0 0 1 2 2 1 9.313782e-01 
227 3 2 1 1 0 0 0 2 0 0 NaN 
227 4 2 4 -1 -1 0 -1 2 2 0 9.937908e-01 
227 5 2 4 -1 -1 0 0 1 0 1 NaN 
227 6 2 4 -1 -1 0 0 2 0 1 NaN 
227 7 2 3 0 0 1 0 1 1 0 4.236995e-01 
227 8 2 1 1 0 0 1 1 1 1 4.079732e-01 
227 9 2 4 -1 -1 0 0 1 0 1 NaN 
227 10 2 3 0 0 1 0 2 2 0 3.961034e-01 
227 11 2 1 1 0 0 1 1 1 1 5.944039e-01 
227 12 2 2 0 -1 -1 0 2 2 1 5.421370e-01 
227 13 2 4 0 0 -1 -1 2 0 1 NaN 
227 14 2 2 -1 0 0 -1 2 2 1 5.202612e-01 
227 15 2 2 0 -1 -1 -1 2 0 0 NaN 
227 16 2 3 0 0 1 0 2 1 0 2.810168e-01 
227 17 2 1 0 1 1 0 1 1 1 3.117109e-01 
227 18 2 3 0 0 1 0 1 1 0 6.802226e-01 
227 19 2 2 0 -1 -1 0 1 1 1 6.589525e-01 
227 20 2 3 1 1 0 1 1 1 0 6.571852e-01 
227 1 1 3 0 0 1 0 1 1 0 5.083105e-01 
227 2 1 1 1 0 0 1 2 2 1 3.774792e-01 
227 3 1 3 1 1 0 0 1 0 1 NaN 
227 4 1 1 0 1 1 0 1 1 1 8.985721e-01 
227 5 1 4 -1 -1 0 0 1 0 1 NaN 
227 6 1 2 0 -1 -1 0 1 1 1 7.246592e-01 
227 7 1 2 0 -1 -1 0 2 2 1 4.321574e-01 
227 8 1 1 1 0 0 0 1 0 0 NaN 
227 9 1 2 0 -1 -1 -1 1 0 0 NaN 
227 10 1 1 1 0 0 0 2 0 0 NaN 
227 11 1 4 -1 -1 0 -1 2 2 0 6.817200e-01 
227 12 1 4 0 0 -1 -1 2 0 1 NaN 
227 13 1 3 0 0 1 0 2 2 0 5.965279e-01 
227 14 1 3 0 0 1 0 2 2 0 3.959329e-01 
227 15 1 1 1 0 0 0 1 0 0 NaN 
227 16 1 4 -1 -1 0 0 2 0 1 NaN 
227 17 1 2 -1 0 0 -1 2 2 1 5.795347e-01 
227 18 1 2 0 -1 -1 -1 2 0 0 NaN 
227 19 1 3 0 0 1 1 1 0 1 NaN 
227 20 1 4 -1 -1 0 -1 1 1 0 6.940142e-01 
227 1 2 2 -1 0 0 -1 2 2 1 9.282402e-01 
227 2 2 1 1 0 0 1 1 1 1 4.736043e-01 
227 3 2 2 0 -1 -1 -1 2 0 0 NaN 
227 4 2 2 0 -1 -1 -1 1 0 0 NaN 
227 5 2 2 0 -1 -1 0 1 1 1 5.272768e-01 
227 6 2 3 1 1 0 0 1 0 1 NaN 
227 7 2 4 -1 -1 0 0 2 0 1 NaN 
227 8 2 3 0 0 1 0 2 2 0 2.797345e-01 
227 9 2 2 0 -1 -1 0 2 2 1 6.899985e-01 
227 10 2 1 0 1 1 0 1 1 1 6.152901e-01 
227 11 2 3 0 0 1 1 1 0 1 NaN 
227 12 2 3 0 0 1 1 2 0 1 NaN 
227 13 2 1 1 0 0 1 2 2 1 5.033782e-01 
227 14 2 4 -1 -1 0 -1 1 1 0 7.454099e-01 
227 15 2 4 0 0 -1 -1 2 0 1 NaN 
227 16 2 4 -1 -1 0 -1 2 2 0 7.211737e-01 
227 17 2 4 -1 -1 0 0 1 0 1 NaN 
227 18 2 3 0 0 1 0 1 1 0 9.145213e-01 
227 19 2 1 1 0 0 1 2 2 1 4.529937e-01 
227 20 2 1 1 0 0 1 1 1 1 3.944813e-01 
227 1 1 1 1 0 0 1 2 2 1 4.667832e-01 
227 2 1 2 -1 0 0 0 2 0 0 NaN 
227 3 1 3 0 0 1 1 2 0 1 NaN 
227 4 1 4 -1 -1 0 0 2 0 1 NaN 
227 5 1 2 0 -1 -1 -1 2 0 0 NaN 
227 6 1 3 0 0 1 0 1 1 0 4.478891e-01 
227 7 1 4 -1 -1 0 0 2 0 1 NaN 
227 8 1 3 0 0 1 0 2 2 0 8.344173e-01 
227 9 1 3 1 1 0 1 1 1 0 6.833051e-01 
227 10 1 1 1 0 0 1 1 1 1 4.521671e-01 
227 11 1 2 0 -1 -1 0 1 1 1 8.409929e-01 
227 12 1 4 -1 -1 0 -1 1 1 0 7.742801e-01 
227 13 1 2 0 -1 -1 -1 1 0 0 NaN 
227 14 1 2 0 -1 -1 -1 2 0 0 NaN 
227 15 1 1 1 0 0 1 2 2 1 4.040912e-01 
227 16 1 3 0 0 1 0 1 1 0 3.802142e-01 
227 17 1 1 0 1 1 0 1 1 1 4.401020e-01 
227 18 1 4 0 0 -1 0 2 2 0 4.238286e-01 
227 19 1 4 -1 -1 0 0 1 0 1 NaN 
227 20 1 1 1 0 0 0 1 0 0 NaN 
227 1 2 1 1 0 0 1 2 2 1 6.129534e-01 
227 2 2 2 0 -1 -1 -1 2 0 0 NaN 
227 3 2 3 0 0 1 0 2 2 0 4.814763e-01 
227 4 2 2 0 -1 -1 0 2 2 1 3.378164e-01 
227 5 2 4 -1 -1 0 -1 2 2 0 4.080808e-01 
227 6 2 4 -1 -1 0 -1 1 1 0 5.309291e-01 
227 7 2 3 0 0 1 0 2 2 0 3.514343e-01 
227 8 2 2 0 -1 -1 0 1 1 1 5.129449e-01 
227 9 2 1 1 0 0 1 1 1 1 4.543202e-01 
227 10 2 1 1 0 0 0 1 0 0 NaN 
227 11 2 2 -1 0 0 -1 2 2 1 4.327727e-01 
227 12 2 1 0 1 1 0 1 1 1 5.549386e-01 
227 13 2 4 0 0 -1 0 2 2 0 4.302991e-01 
227 14 2 1 1 0 0 0 2 0 0 NaN 
227 15 2 4 -1 -1 0 0 1 0 1 NaN 
227 16 2 3 1 1 0 1 1 1 0 4.572723e-01 
227 17 2 3 0 0 1 0 1 1 0 8.033315e-01 
227 18 2 4 -1 -1 0 0 2 0 1 NaN 
227 19 2 3 0 0 1 0 1 1 0 7.276667e-01 
227 20 2 2 0 -1 -1 -1 1 0 0 NaN 
227 1 1 2 0 -1 -1 0 1 1 1 4.507272e-01 
227 2 1 3 0 0 1 0 2 2 0 3.917371e-01 
227 3 1 1 0 1 1 0 1 1 1 5.895199e-01 
227 4 1 3 0 0 1 0 1 1 0 7.567791e-01 
227 5 1 1 1 0 0 1 2 2 1 6.850179e-01 
227 6 1 2 0 -1 -1 0 2 2 1 5.389778e-01 
227 7 1 4 -1 -1 0 0 2 0 1 NaN 
227 8 1 2 -1 0 0 -1 2 2 1 4.537378e-01 
227 9 1 2 0 -1 -1 0 2 2 1 4.007840e-01 
227 10 1 3 1 1 0 0 1 0 1 NaN 
227 11 1 2 0 -1 -1 0 1 1 1 7.143734e-01 
227 12 1 1 1 0 0 1 1 1 1 7.289762e-01 
227 13 1 4 -1 -1 0 -1 1 1 0 6.642012e-01 
227 14 1 1 1 0 0 0 2 0 0 NaN 
227 15 1 4 -1 -1 0 0 2 0 1 NaN 
227 16 1 3 0 0 1 0 1 1 0 8.534377e-01 
227 17 1 4 -1 -1 0 0 1 0 1 NaN 
227 18 1 3 0 0 1 0 2 2 0 4.391929e-01 
227 19 1 4 0 0 -1 0 2 2 0 3.971649e-01 
227 20 1 1 1 0 0 1 1 1 1 5.985034e-01 
227 1 2 4 -1 -1 0 -1 2 2 0 4.664921e-01 
227 2 2 4 -1 -1 0 0 1 0 1 NaN 
227 3 2 2 0 -1 -1 -1 1 0 0 NaN 
227 4 2 4 -1 -1 0 0 1 0 1 NaN 
227 5 2 2 0 -1 -1 0 1 1 1 6.603489e-01 
227 6 2 2 0 -1 -1 0 2 2 1 4.647471e-01 
227 7 2 3 0 0 1 0 2 2 0 4.727595e-01 
227 8 2 3 1 1 0 0 1 0 1 NaN 
227 9 2 2 -1 0 0 0 2 0 0 NaN 
227 10 2 3 0 0 1 0 1 1 0 7.646614e-01 
227 11 2 3 0 0 1 0 1 2 0 5.309431e-01 
227 12 2 1 1 0 0 1 1 1 1 7.407289e-01 
227 13 2 4 0 0 -1 0 2 2 0 9.463419e-01 
227 14 2 4 -1 -1 0 0 2 0 1 NaN 
227 15 2 1 1 0 0 1 2 2 1 5.470354e-01 
227 16 2 3 0 0 1 0 2 2 0 5.428325e-01 
227 17 2 1 1 0 0 1 1 1 1 4.859244e-01 
227 18 2 2 0 -1 -1 0 2 2 1 9.008547e-01 
227 19 2 1 0 1 1 0 1 1 1 3.879273e-01 
227 20 2 1 1 0 0 1 2 2 1 9.938863e-01 
227 1 1 3 0 0 1 0 2 2 0 4.228520e-01 
227 2 1 4 -1 -1 0 -1 1 1 0 6.176861e-01 
227 3 1 4 0 0 -1 0 2 2 0 3.652152e-01 
227 4 1 3 1 1 0 1 1 1 0 3.711971e-01 
227 5 1 2 0 -1 -1 0 1 1 1 6.848895e-01 
227 6 1 3 0 0 1 0 1 2 0 6.258543e-01 
227 7 1 2 -1 0 0 0 2 0 0 NaN 
227 8 1 3 0 0 1 1 1 0 1 NaN 
227 9 1 4 -1 -1 0 -1 2 2 0 9.158396e-01 
227 10 1 4 -1 -1 0 0 1 0 1 NaN 
227 11 1 1 0 1 1 0 1 1 1 7.761857e-01 
227 12 1 4 -1 -1 0 -1 2 2 0 6.814766e-01 
227 13 1 2 0 -1 -1 0 2 2 1 5.161931e-01 
227 14 1 2 0 -1 -1 0 2 2 1 4.014274e-01 
227 15 1 1 1 0 0 1 1 1 1 3.512453e-01 
227 16 1 3 0 0 1 0 2 2 0 3.126676e-01 
227 17 1 1 1 0 0 1 2 2 1 3.361063e-01 
227 18 1 1 1 0 0 1 2 2 1 5.205649e-01 
227 19 1 2 0 -1 -1 0 1 1 1 8.113929e-01 
227 20 1 1 1 0 0 1 1 1 1 4.389689e-01 
